500
499 1905 578 8040 871 3392 5059 3079 6258 7399 7474 7437 6224 3766 1496 8722 250 935 2555 
498 4293 3005 3895 779 8469 1905 3392 5547 7382 5679 4929 712 1042 
497 4644 6506 5059 9102 9265 7352 5350 8416 5948 3417 7736 6014 3936 
496 5135 6258 6519 1208 7503 854 9636 5350 4929 5948 9035 8683 6101 
495 4761 6265 7434 2034 5682 3637 2669 9035 9442 2863 3146 9013 6613 
494 366 7174 949 4704 6224 6425 9636 1032 7352 3153 8140 3843 7713 1956 6547 
493 3297 2279 9102 1908 4704 7437 1072 6639 6425 8140 1496 6413 3012 6613 321 
492 6506 6379 4821 3079 6258 7414 4486 7437 7642 6351 4880 7434 8841 9139 1625 321 
491 1796 1181 3079 6258 3557 7382 4486 4541 7503 6425 7352 232 8674 2764 5948 4985 7285 7699 
490 5135 7437 1072 5941 8895 8674 3766 5522 1935 450 5359 6020 7699 9007 
489 3660 6267 4140 2124 7233 7232 9123 5678 2863 712 9013 
488 4293 3297 790 779 366 8750 7228 6258 7399 3743 6468 8140 4027 3074 745 2962 
487 4293 5097 3297 779 815 8750 3745 5059 2406 949 6639 7434 5155 7413 
486 8549 3895 815 7215 1908 4721 3375 6351 9636 4683 2856 7713 7736 9199 3074 
485 6257 9688 5135 915 8469 8750 2279 6379 1796 3079 3557 6020 3074 935 979 
484 8549 3895 4938 779 5634 815 8750 7215 1905 871 7713 1956 7949 
483 366 3557 4486 4541 854 7352 3766 8841 8683 3417 9123 5678 4086 6698 4060 
482 7174 6859 246 2586 1072 4340 232 7340 3017 6956 4588 4027 9199 321 
481 815 7611 6379 5547 3660 4541 7503 6267 854 2764 9666 7233 7012 4326 5307 
480 1423 9305 6213 8750 6859 6519 7414 3660 4140 5948 6920 2240 935 
479 790 3895 2279 7459 9265 6265 3153 7340 5704 5522 3464 273 1042 7949 
478 1423 790 9688 3895 779 6213 2279 6607 5679 7503 5704 7434 7713 7285 6547 9013 5715 
477 4293 3297 8549 779 366 7215 1905 8040 4821 4039 1181 949 4340 1042 
476 9688 2406 6468 3660 854 6224 6265 5941 2061 1496 847 5715 
475 6257 6213 8750 6859 1181 9102 7437 9636 4140 3153 7285 6054 7736 3074 2962 
474 4293 6257 4644 8750 871 2406 4486 7474 4541 5679 5754 232 4985 8722 6054 7012 9968 
473 9688 6506 2515 871 7115 3079 7382 6468 3536 4558 4340 5350 141 4766 1496 3885 321 
472 4938 7215 2279 5059 6607 7382 5679 7459 6639 3637 7762 
471 1423 9688 5135 779 6213 5634 7925 7115 5547 1208 2406 4340 3074 8387 
470 3005 4644 1323 6213 6506 2515 4039 6258 3557 5330 7642 2863 523 9139 1668 3012 
469 1323 7611 8040 7228 3536 4704 3375 7642 6639 10 9636 9666 1956 3074 979 
468 10 3843 5769 191 2111 9442 8483 8098 6956 2856 1439 6413 6170 745 
467 3005 3297 5634 6258 1336 3153 2764 1309 3464 273 6457 9666 1084 2263 8722 4326 9007 
466 3005 4938 3745 4486 232 8140 3464 9450 9442 5678 6295 2289 4086 22 7285 4027 1534 
465 1323 6379 7399 4486 7503 6425 5825 8895 8416 2741 5795 523 2818 2288 
464 6213 7215 2279 1796 5059 4039 7474 4558 4880 4761 360 1956 1496 523 7736 
463 6257 9688 9305 6213 3745 6506 1905 578 6379 871 7115 7399 4558 7459 4340 9139 8125 
462 6213 949 5330 1072 482 8683 8835 6457 5678 6295 1084 7709 
461 9442 8483 4588 3362 9728 1084 2289 1935 2863 2408 4693 1439 4027 7699 
460 3895 5634 7611 7925 6506 6258 7382 6468 7474 5330 5679 4340 935 
459 915 1905 8040 7174 6258 3557 1336 4704 7503 6267 6425 3766 9666 3074 935 9007 
458 815 6379 1181 2061 232 7340 2034 5948 4766 5682 6295 7285 6054 79 
457 779 7611 3745 871 3392 4039 6468 8768 6224 5825 2764 4134 7012 2340 
456 1423 7611 7925 6607 5547 1208 3375 7642 9265 4683 7233 6920 5880 2962 
455 7215 7382 728 6425 9636 3153 8615 3888 5795 1496 6920 496 412 935 
454 2741 7233 5678 3024 2289 1935 4086 4388 2203 9935 2210 22 8111 4060 2555 
453 9305 871 1796 6639 6425 5522 5682 8835 3024 1935 4086 4693 250 6101 2240 7699 2962 
452 4644 915 366 7925 5059 4039 3079 5547 6519 1208 4558 4929 5948 450 4060 2340 321 
451 1323 6213 8750 7215 7925 1905 2515 2279 871 4541 8841 450 3885 
450 5135 9305 3745 7115 1181 7228 9102 7414 1336 6468 1072 5704 4060 4985 3885 1668 2962 
449 779 8040 1796 6249 7352 8615 2764 2314 2669 8683 9615 
448 6506 871 8674 3766 5929 9827 6457 8175 1084 3074 1668 7762 
447 8469 7215 6506 6519 4486 949 4558 4704 4541 7437 4880 5948 2741 450 5359 4985 6170 
446 790 366 4821 3392 7174 1336 3743 4541 5679 6249 482 2263 523 2240 2555 5715 
445 4293 7215 871 1908 4140 7340 360 3766 8416 3885 9007 
444 1323 5135 7611 3745 9102 2586 3375 4356 1072 6639 6224 4340 4140 7713 9139 4326 5715 
443 2515 1796 7503 4140 4683 5350 8895 360 5948 523 7438 
442 6257 3005 7115 5059 3557 5547 3743 3660 7437 2918 10 6170 4027 7012 979 
441 915 1905 871 4821 9102 7414 7642 6351 1072 4140 1439 712 6170 1625 5307 
440 790 4938 7611 2515 578 3557 5547 2586 4356 7459 7352 4761 
439 3297 790 6379 7115 4541 6351 728 5825 9636 6265 3153 5704 1020 6054 5307 
438 2279 3660 2918 4683 5692 5350 5941 3153 7434 5359 3074 412 
437 8469 815 2515 6519 3375 482 4683 6226 5682 2669 1956 5359 412 7153 
436 7228 10 5769 9450 8683 8175 2602 9728 1084 6020 3146 9199 7438 
435 3895 7215 1796 3660 4558 7437 482 9265 141 191 3417 9666 1195 6020 3111 321 
434 4938 915 366 6506 6859 10 6425 8416 1020 9035 3362 5155 6413 9301 3074 
433 6257 9305 915 8469 7925 6607 4039 6258 7382 7399 2263 6101 7949 2962 321 
432 9305 4821 1796 1336 4880 5754 4340 2061 7340 3888 3362 1195 1625 
431 8895 360 8674 2111 9450 1262 5535 4588 2263 9139 745 
430 1423 4293 6257 5135 7215 6506 871 2406 4721 4541 8140 450 3146 7296 
429 790 6213 3392 1208 7414 3743 4486 7437 6639 7352 3153 6920 2340 2555 9007 
428 779 2486 5825 7340 3017 2111 2314 8885 9442 7233 5155 5509 4134 5307 2962 
427 815 7611 3392 1908 1336 3660 3536 4558 8768 8140 8885 3362 4985 133 7709 
426 4644 8469 5634 6519 2406 3660 2486 5754 10 4340 5795 
425 1423 3297 6213 915 8469 4821 7228 7382 7459 4880 232 5704 6698 1625 3074 3012 
424 1323 3895 8040 871 5547 2586 3660 3536 8768 482 6267 6639 8841 7713 1496 1042 2240 
423 1323 779 1905 8040 871 1208 3660 4558 1032 4683 5692 4766 2203 4060 6547 7413 
422 9305 915 9102 1336 5330 7459 7642 360 5522 4766 5682 3362 6020 6101 2240 7762 
421 5097 5135 3392 2406 7474 7437 2918 6267 5825 5522 3417 7709 
420 5634 3557 4486 4721 8895 8615 141 7810 273 4060 6920 1668 
419 790 7115 7174 3743 5825 3843 3766 3017 2124 3637 1262 6698 4985 6170 
418 578 728 5825 9636 2741 9035 9442 5535 9827 5509 4134 2555 
417 1905 578 1208 7414 8768 1072 5754 9265 6265 4929 6226 9013 2240 
416 366 815 8750 7115 9102 3536 6425 7340 8140 2856 2203 1496 6020 6014 2962 
415 3297 6213 1796 8768 10 6425 5825 4761 3843 8416 5522 133 5880 
414 6257 6859 7642 5941 6226 3637 7810 9442 5929 2602 6295 6698 7012 
413 3297 1323 1905 2279 3392 7174 7382 4721 4704 5704 9199 
412 7437 5679 728 7340 360 4766 7810 9035 5359 5251 79 
411 5547 5679 4683 6265 8674 141 2124 2111 5795 5929 8579 9139 
410 871 3079 2406 4704 4541 7437 6351 5692 6265 360 3766 2741 1956 4027 7438 2 
409 8674 2314 273 5535 8483 8683 6956 5155 9123 6295 6920 7285 7709 
408 3895 10 8895 7340 3766 4766 8885 3453 7232 9123 2863 523 
407 8750 4761 5941 5769 141 2669 2741 5795 6956 3362 1956 4060 321 
406 8549 4938 5634 815 7611 7115 7174 6607 5547 7399 4558 9265 4985 9199 7413 8125 
405 9305 4683 8674 3766 7810 2669 9035 5929 1439 133 6014 3074 
404 9305 1181 1208 4486 6249 8615 191 3017 9450 2203 6547 8125 
403 5097 7611 7215 3392 3079 6258 7399 4356 5679 2918 5692 6265 2863 8579 
402 7925 578 3392 6859 2406 2586 6249 2918 4340 8140 3362 450 4060 7012 6014 
401 3005 9688 6519 7382 7474 5679 6224 3843 2764 5769 4929 2034 6226 141 2856 2263 9139 6054 
400 5097 482 854 2061 8615 3017 2124 7810 8885 4134 6170 6054 5880 
399 1423 790 6607 4039 2486 4683 6265 2764 3017 5795 3362 712 9199 
398 6257 5097 1323 9305 8750 1905 6607 4039 5547 1208 3743 4486 6468 9265 8841 4985 7285 9301 
397 2314 4076 9827 6457 4588 8175 5509 2203 1439 523 6101 
396 3745 2279 6379 3079 1336 7474 6425 7352 4683 2061 1020 7713 1956 6413 7736 1625 979 2555 
395 4293 3005 3895 2515 4039 1181 7228 246 5547 6519 949 5330 4704 5679 5359 979 
394 4644 1323 9688 7925 7174 3557 2586 5754 4683 4929 3885 745 321 
393 1323 9688 7925 871 4039 7382 2406 3536 4356 2918 728 133 6054 7413 2 
392 6257 3557 4558 5795 5535 8483 8098 3362 7232 9123 9728 8111 4134 6920 5862 8125 
391 1423 3297 8549 9305 366 6506 2279 6859 1181 3375 5350 7713 2263 3885 1383 3074 935 
390 6257 3005 790 9688 366 3392 7382 1336 6249 7352 5692 1020 5948 1956 4985 847 
389 8768 4140 5795 273 4814 6457 1935 4086 2863 296 4693 6698 1383 3543 
388 6257 3895 4938 4821 2406 4880 2918 6224 8674 2124 5359 6170 
387 1423 9688 8469 7174 5547 6519 1908 3660 6351 2918 5704 2741 2856 6054 8994 
386 3005 8549 2515 1796 3557 6519 7399 7414 949 3536 7459 9636 3843 8841 2856 7713 935 7699 5715 
385 790 9688 779 6213 5634 8750 7611 2279 246 1208 4486 4340 9265 9199 5307 2962 
384 3005 5135 578 6859 3536 3375 7503 5692 8895 7434 9139 7012 935 7762 
383 1423 6257 8549 6213 3745 7215 6506 8040 1181 3079 246 1208 1908 949 9265 7233 450 1956 4060 1625 3543 
382 5097 8549 4880 1072 2111 273 8885 8098 1084 2289 296 4693 1439 6020 1871 2962 
381 7174 9102 5547 1336 2406 4558 7437 8768 7503 5941 4134 9199 1625 321 
380 8549 8469 871 3392 4039 3079 3375 7459 6267 8895 4929 141 5359 3885 4326 6101 9968 5715 
379 3005 4938 7399 7642 6267 854 9636 4683 5692 5704 7434 6226 3074 2340 1668 
378 4644 578 6379 4821 1796 6607 3743 2586 5330 3111 7762 
377 1423 8549 6379 7228 1908 7474 6249 9636 1032 5692 3074 
376 9688 366 815 8040 2406 7437 5679 7642 6639 1032 232 3464 8722 4362 7413 979 2555 
375 5097 6213 7925 578 7115 3536 4704 3375 7642 6639 232 6547 
374 7414 3536 6265 2061 5769 1020 6226 3464 8841 2203 450 5251 7438 
373 2279 8040 4821 7174 9102 6519 949 2586 4880 482 5825 8841 4134 6170 3885 3074 8125 
372 9636 5941 1309 4814 8175 5678 1084 5509 4693 7156 1496 3111 2340 79 
371 9305 6213 2515 8040 1796 4486 6468 3536 4880 1032 5692 2764 8841 7736 6101 7296 
370 3005 3297 6213 366 1905 1796 6519 7414 3660 5679 482 3453 450 4362 6547 7153 
369 8469 7215 6379 871 5059 1181 2586 360 7434 5522 8841 2263 6101 7699 
368 4644 4821 3392 2586 4558 1072 6639 232 7434 191 4076 523 6020 3146 5715 
367 4644 3079 6519 4541 5825 8140 5522 3888 3464 9035 1262 1439 9139 6054 412 8994 
366 5097 1323 9688 3745 1905 2515 2279 9102 1208 1908 3743 3660 7474 3843 1195 1383 5880 
365 4293 8549 3895 5634 7925 1905 6607 246 7399 949 728 
364 6213 7474 4761 5692 2061 7340 360 1020 1262 8885 4134 6920 1383 979 7762 
363 3297 6258 6519 1336 7459 6425 8674 141 8885 5535 4814 9123 1439 2263 6101 9968 
362 5097 578 3536 7642 482 7340 2034 2111 4814 9199 7438 
361 8549 790 915 8750 7115 4486 7437 5679 4880 1072 4340 2764 1020 2340 1668 979 
360 4644 3895 578 6607 3557 3743 3660 6224 4761 4985 1383 979 3012 
359 4541 5350 2061 5704 2034 4766 7810 9450 5795 2856 1935 2863 9199 7413 8994 
358 3005 578 246 6519 8768 9265 8483 9827 6295 2289 296 5509 1956 2263 8722 4027 3543 7699 
357 3005 5135 9102 1336 7437 5941 3766 191 3017 8579 3146 
356 3895 4683 3153 360 2034 2314 9035 273 8841 5929 6698 9139 7736 4326 
355 4814 8175 7232 3024 2203 9935 2210 5107 1195 7012 8043 
354 3005 8549 790 1905 1796 3557 10 728 7340 8674 4929 5795 4086 712 7736 8387 
353 366 7925 246 3743 4721 4704 4880 854 9636 4140 8140 4060 
352 3297 578 1336 4356 6267 854 6224 7352 7340 8140 8674 1195 1625 8994 
351 1423 5097 815 3745 7925 1905 6379 7174 4039 9102 5547 1336 450 4326 6101 979 
350 4039 246 3536 3637 3464 9442 8098 4588 7233 5155 2408 22 6269 
349 366 3745 6859 6519 6351 6249 6425 8615 5948 2111 5535 9666 3362 2263 7699 
348 779 5634 2515 3392 3079 9102 3660 4558 4356 854 728 4340 6547 3012 
347 5097 5634 815 1336 4486 4721 2586 3536 4541 7642 1072 4340 1625 935 979 2288 
346 3536 5754 5941 191 3637 9450 273 5929 8683 5359 6020 3074 5880 
345 3637 9450 8483 4814 8683 7232 2602 9123 1935 22 1625 5715 
344 1323 9688 7925 2515 4821 5059 7228 3536 7459 5522 1020 6698 6170 4326 6547 1668 
343 1423 3297 4938 5135 815 2515 8040 4821 7115 6859 3557 4558 5825 4134 523 3885 4027 3074 7949 3012 
342 6257 5059 6859 1908 4558 7437 6425 8674 3843 2034 3362 523 2340 8387 
341 9442 4814 5155 7232 9728 2289 2863 4693 9935 2210 4362 1625 1534 
340 7174 246 6468 3536 8841 5929 9123 5678 9728 296 7156 1042 9968 
339 4644 4938 7611 6506 7228 6258 7382 4486 2486 4704 7459 5825 4134 9199 412 2555 
338 9688 915 7611 1905 2515 4821 6859 1181 949 2486 7503 360 3766 6295 1956 9013 2340 2962 
337 2602 1084 2289 2408 4693 7156 4388 9935 8111 7699 
336 6257 4938 5135 8469 7611 578 871 6607 7382 4340 3885 8125 2 
335 4644 5634 6859 3079 4486 2486 4704 10 9636 5769 1020 6226 2741 2856 8579 4326 7762 
334 4293 8549 790 6506 1905 4039 7399 1336 6468 1032 5522 5948 9666 7233 7285 1383 1668 3012 8994 
333 5097 8549 2515 2406 7437 7459 6351 6224 10 728 4140 9265 3453 8111 7012 6547 5307 
332 1323 6506 578 1908 4721 2586 7474 5330 3536 232 2764 1496 7012 1383 6101 
331 4293 4938 915 1796 5059 7399 1032 7352 2741 6956 9666 3362 4362 3111 7438 2 
330 9305 7174 7414 482 273 9827 3417 7232 1439 4027 2340 979 
329 3297 779 366 728 5929 5535 8835 6457 1956 2263 5359 5880 
328 1423 5059 7414 1032 8416 141 191 2111 9450 6020 2555 
327 3005 790 8469 3745 578 1908 7399 5330 4558 7437 1072 7434 6920 6170 6054 1042 7949 
326 2515 1181 5692 7810 1309 9450 5795 2856 8835 7713 2863 4060 7736 1383 745 
325 7215 7925 1181 7228 1208 7399 7642 6249 728 8683 6014 
324 7228 4541 4761 8615 2124 273 8098 9827 7713 2203 22 9013 9007 2288 
323 1423 3005 8750 2279 7115 2406 4721 6468 2586 2486 8841 523 6547 2 
322 3297 8549 3895 4938 7925 1208 3743 6468 7437 8768 3111 
321 7611 4704 6425 3153 8416 3888 6226 2124 2669 8885 712 8722 7012 2240 6613 
320 1423 4293 4644 790 2515 6859 246 3557 7382 3536 2111 7736 
319 1423 915 5634 815 5059 4039 7399 4721 6468 7474 4541 5359 
318 366 6607 1908 3017 5795 1262 5535 6956 7233 5509 2263 7285 1534 
317 6257 4644 3392 3079 949 4356 4541 5679 8768 4880 7503 6267 10 4340 7713 1935 3074 7699 3012 
316 1423 4293 6257 4644 790 4938 1905 1796 5059 6859 7474 4356 10 6698 5880 
315 8768 7352 6265 5350 3153 3888 2034 4814 9013 2340 
314 5535 6295 3024 2289 296 2408 7156 4388 8111 505 7709 
313 1323 9305 6506 9102 6519 4486 7459 7503 6267 4340 4929 5522 4086 6920 6170 3885 7736 1625 1668 
312 4683 3017 7810 2314 4076 5929 8683 6295 4060 6020 4362 
311 4644 5135 7215 6506 6607 3557 2406 3375 4356 5825 1195 6054 3074 1534 
310 779 3392 7399 8895 3766 3464 9450 9827 1195 6020 7413 321 
309 7215 8040 5825 232 360 8615 5769 9035 8885 8683 7233 1439 6020 7736 1534 
308 779 4558 4140 4929 1020 141 7810 1262 8098 6457 9666 3362 1496 6020 7285 4027 2962 
307 366 7611 6519 5330 6249 9636 4140 5692 360 2263 4985 7413 2555 2288 
306 790 6506 871 3392 3743 6468 482 854 728 8615 3362 450 1195 9301 321 
305 10 9636 4761 6265 5769 3766 2034 3017 6698 1956 9013 5880 
304 8549 790 4938 5135 9305 915 2279 4039 6258 5547 1336 4721 6351 8841 6920 8722 7736 5880 
303 5059 9102 3743 5679 6224 4761 6265 2061 4134 8722 7012 4326 6101 6613 
302 5097 779 815 5059 7174 1208 2586 6351 7503 6267 232 5307 
301 3297 6213 6267 2061 3766 4766 3464 5795 3417 7233 5678 450 1956 1195 935 9007 
300 3895 578 3392 1181 7399 2406 4486 949 2486 5330 4541 6351 2918 6224 1956 1625 9301 
299 8469 3536 4683 2061 5704 2314 2669 9442 1935 6170 8722 79 
298 3895 3745 1905 5059 7174 4880 728 5692 5350 5941 1496 9199 9968 9007 
297 5135 815 7228 3743 7352 8674 7434 5929 8683 9827 4086 8722 
296 915 2515 7399 4704 7459 6249 4340 1032 4683 5350 8615 6020 4027 9199 6101 7699 7949 
295 9305 578 8040 7228 6519 6468 3660 7474 6351 5754 4140 8140 7713 450 5359 1383 3012 
294 3079 6519 4929 8416 5682 3017 4076 273 8885 5929 2856 3362 1195 4326 9301 79 
293 3895 6258 7434 4766 4076 5535 8098 9123 5678 6295 3024 1084 3885 7413 745 
292 5097 3557 5547 7414 4721 854 6639 7352 4761 8416 1262 8841 3885 8387 
291 4938 3745 7228 9102 5547 7414 3536 5679 1072 9636 2856 5509 2263 4985 9301 
290 779 2279 3557 2918 4683 2124 2111 2669 1273 2340 
289 790 1323 5634 7382 2406 9636 1020 5682 3017 3637 5155 3 5359 1042 79 
288 246 854 4140 6265 8140 2034 5948 5682 191 2124 5359 1042 2240 
287 6859 4039 6425 9636 6265 3888 141 7810 8885 7233 250 1534 
286 4644 3895 8469 7228 4558 4140 1032 232 3464 5535 5155 523 7285 7736 6014 2 
285 1423 9688 6213 8469 7611 7115 4039 1208 949 2586 4704 6425 523 8125 
284 7115 6859 7382 4486 482 6267 5754 5825 9636 4140 2741 6547 2240 
283 6506 1181 3888 4766 2111 9450 1262 5535 8098 9666 412 
282 2918 4683 8674 3017 7810 9450 5535 1956 4060 9968 2288 
281 7437 6249 8768 728 5825 5692 5350 5704 4929 5795 935 8387 
280 5097 1323 366 2515 4821 4039 7228 7414 5679 6249 4880 3362 250 6547 745 
279 790 5135 8469 8750 1905 2279 7115 6258 6519 4486 4558 4880 8140 6920 7285 6054 4027 9199 7413 3012 9968 
278 815 7228 2406 5679 6249 6267 6639 728 9265 6265 1935 1496 6170 6020 4027 5880 79 
277 5097 3745 1905 8040 5059 6607 4039 6258 9636 7434 6226 191 3637 3453 2856 2263 4985 6054 
276 5135 779 366 8750 7382 1336 949 4356 7642 482 2764 7285 6054 7709 
275 4039 4880 7503 854 1032 5941 8895 7340 3766 6226 1195 412 
274 8040 3079 3557 6468 5330 7459 4880 5754 9265 7352 8895 8416 2741 5509 1496 6920 8722 7762 
273 3745 3079 7382 6468 7474 4558 4880 7352 7434 5769 7810 2314 450 1496 7012 9013 7413 1668 
272 1423 4938 8750 7215 7925 1905 1796 4039 949 5679 9265 6226 5948 5155 6698 2340 8994 
271 4721 2486 1072 854 1032 7352 6265 5350 8895 7736 7699 2 
270 6351 9636 360 2669 1309 8885 5929 8483 9827 5155 5678 9139 3146 3074 
269 6257 3005 366 6506 6379 3392 1796 7414 1336 7474 6224 1020 6226 523 7438 
268 6257 5097 8549 1323 915 5634 2279 578 4039 9102 3557 1208 8722 7736 1625 412 
267 3297 5634 7174 3743 7474 482 854 2061 8615 273 2240 7699 
266 8040 5692 2764 3888 7810 2111 2669 8483 8098 2856 22 745 
265 8674 7434 3888 4588 5155 7232 2602 2289 296 2203 6698 523 3885 1383 3936 
264 815 578 1796 6607 6468 3536 728 7434 9450 9442 
263 915 8469 4039 1908 3536 7642 10 4761 141 3453 9139 7949 2555 
262 2406 949 6468 2918 6639 4140 7352 4683 5692 4929 1956 1496 6920 6547 2555 
261 5097 790 9688 6351 2764 8416 1020 5948 3637 1262 3453 9666 2289 2863 296 2408 8111 3 3146 
260 7340 6226 3637 2314 9035 4076 5929 8683 2602 4362 
259 4293 9688 815 7215 3392 5059 4039 7414 2486 5330 4340 141 5251 7762 
258 7228 246 4558 8768 6224 3153 2669 1309 9035 1262 5929 4060 4027 7736 412 9007 
257 4293 6257 8549 915 7925 6859 5547 949 3660 4704 4356 8674 7762 
256 3536 4356 5825 5350 5941 2061 7340 5704 8615 8841 3453 2856 450 5359 979 3012 
255 7925 6379 6224 8140 191 2124 1262 3453 9123 1195 2340 2555 
254 7611 9102 2586 6224 1032 6265 232 8615 2034 141 2263 1668 
253 7503 7340 3888 9442 3417 7233 9123 6295 1084 4086 6413 6020 
252 9305 6213 915 8469 8750 1905 2279 6379 871 8841 9139 
251 4293 3297 3557 7474 4356 8895 3843 7434 3766 4766 2124 4076 6413 4326 7413 8994 
250 4644 2515 6859 1336 4486 4880 2918 4140 5692 5350 3153 1625 935 2288 
249 3895 5135 482 3843 1020 5682 191 2314 2669 5795 8885 450 6020 8125 
248 3297 3745 7414 6425 7352 3153 3766 2034 5682 2669 1935 6170 7699 3012 
247 4704 482 6267 10 8895 3766 2034 191 2111 9666 9139 3543 2962 
246 8835 4588 8175 7232 2602 9123 9728 4086 6698 1625 1534 
245 4293 7215 2406 6425 5682 191 2669 6457 133 9301 9007 
244 3017 2124 2111 8885 5535 8098 6956 4588 3362 1935 4134 4326 
243 9688 366 3079 4704 2741 3464 2289 2863 5509 7156 4388 9935 2263 6170 2818 2240 
242 2111 8483 8175 9666 2602 9123 1084 5509 7156 4388 7285 5307 8994 
241 6257 8469 578 3079 246 5547 1208 4880 4761 232 5769 2124 4985 79 
240 2918 728 2061 2111 273 8483 8683 8098 3417 2203 8579 7285 7949 6613 
239 3005 8750 8040 3557 1336 5330 5825 9636 2061 141 191 1496 3146 4326 7413 3936 5715 
238 578 6607 6224 5350 4929 5522 7810 3464 8111 6020 4027 1625 6101 935 1668 7153 
237 5097 8750 4821 1181 9102 5547 2406 4704 4356 6425 9636 360 979 7949 
236 3843 8835 8175 3024 1084 4693 4388 2203 9935 3 6413 4362 9301 
235 5097 4938 7215 1796 5059 6859 3660 5754 728 4140 6170 9013 
234 790 5634 8750 3745 6506 871 2586 3375 4541 7642 6351 8140 7434 4985 1042 
233 1323 9688 915 7215 1208 4704 7437 482 7503 1032 5692 250 5715 
232 8549 6213 5634 6519 1208 3743 8768 7340 4929 1020 1935 8579 2 
231 5135 779 8750 7611 7925 7115 3079 9102 5547 3743 6351 1496 7285 6054 9013 2340 
230 1905 2515 728 6425 4683 5941 141 3637 1309 273 1935 1625 
229 1323 3895 5135 5634 8750 1905 6379 5059 1181 5948 8683 6547 5715 
228 8549 6213 7228 2061 7434 5769 1020 7232 2602 5509 8722 7012 9013 3012 6613 
227 8549 3895 5135 779 2515 8040 4821 3392 9102 3375 4340 7713 8111 
226 790 4938 6506 871 1181 3079 246 3743 2486 4541 5679 6249 7503 3843 4766 1956 3074 
225 1796 6859 3660 5825 3153 141 3017 2111 4076 8885 3417 9666 450 7880 
224 3297 4938 915 7611 7215 8040 6607 1181 3079 7382 4541 4880 6226 4985 7736 7012 4326 79 
223 3297 7215 1796 7399 6468 5929 9827 8835 8175 1439 412 
222 6257 8549 4821 6267 5754 6639 141 9442 4814 9827 2856 3362 5251 6101 5715 
221 3392 2918 5692 6265 2061 3637 9450 1262 2856 4985 6920 979 
220 366 1796 6468 5330 4880 7503 6267 4761 5692 9666 7233 6413 4326 
219 4293 6213 578 1208 1908 2406 2486 5330 4356 7437 232 6226 4326 7413 
218 1423 915 5634 6379 5059 6519 7414 8768 3362 3146 7949 
217 3745 1796 3079 2486 4356 7437 6351 8768 1032 2061 7434 8416 6226 2669 8111 979 8994 
216 790 578 3392 7399 2586 5754 854 5825 7352 5704 7434 2764 9666 4027 6547 3074 935 
215 5769 141 2314 5795 8483 8835 6457 4588 6413 9013 8387 
214 6468 2918 9636 7340 360 8674 2034 141 5795 8841 3453 1195 
213 7352 5769 191 9035 4076 8175 5678 5359 1625 7949 6613 
212 9450 3417 5155 2602 3024 7156 4388 2203 2210 505 712 5251 
211 3297 8768 2918 5704 3464 8483 8835 8175 9666 3362 4134 3111 
210 6257 3079 246 4140 232 3843 5769 5522 2034 5682 7810 6295 1956 6054 745 
209 4644 2586 5754 1032 5704 4929 7810 2314 8683 1084 3885 3111 7699 
208 3017 9827 7233 9728 3024 2289 2408 7156 4388 745 
207 1323 8469 1905 1336 4486 4721 5679 7642 6351 4880 2918 273 4985 6170 1383 1668 3012 
206 9305 246 7352 5769 3888 5682 2124 7810 7713 3146 3074 745 
205 7174 6249 5754 4761 4683 7340 5948 5795 8579 6170 9199 412 
204 8469 3660 7459 1072 854 6639 5769 3888 5948 1262 4060 9007 
203 9688 3017 2669 273 3417 9666 7232 5678 3024 2408 22 1273 9013 7438 
202 7925 6379 5547 5330 8835 4588 7233 7232 5678 1956 250 6613 
201 5097 3895 3392 7174 6258 4486 4704 3375 7437 5754 728 4134 712 5862 321 
200 3005 5097 5135 815 6506 5059 6859 7228 3743 3660 4558 4340 8140 7434 6226 5948 4985 1625 3543 935 
199 4880 4766 1262 273 8483 6956 8835 4588 8175 5509 6413 7699 
198 1423 8549 915 5754 5350 8674 3843 4929 8416 4766 8885 4086 7709 
197 6607 6258 1336 3660 4541 6249 8768 1032 5941 3843 4766 2741 5359 6054 3012 
196 4821 7115 3743 9636 5704 7434 3766 3017 8885 3453 1084 1935 2408 2263 6014 321 
195 7437 6267 6425 4683 6265 5941 8416 4086 4060 523 6054 979 
194 3079 6519 2486 7474 2918 8674 2741 9450 9827 7232 1084 4086 6054 7413 5880 
193 6257 779 8750 7115 9102 6258 7414 4486 949 2486 7474 3536 4356 232 1496 3146 935 321 
192 4293 6213 8469 8750 2515 6607 5547 4704 4356 2741 4060 
191 8674 8416 4766 8885 8175 2602 3024 296 7156 8111 3 6269 
190 779 6607 6519 7352 4761 7434 2111 2669 8098 6413 523 7762 
189 7437 5692 2034 4766 6457 4588 8175 7233 5155 2863 5251 5880 
188 4644 779 7925 482 854 7352 6265 3153 5948 450 523 2240 745 
187 915 5330 8615 2111 9442 5535 8683 9666 2602 9123 6698 5359 6014 79 
186 4644 3297 1796 6519 4721 4704 6249 6224 10 5825 4340 5948 7713 7012 9301 
185 9688 3745 4356 4340 4814 9827 6457 4588 3362 7232 4086 296 3 7285 4027 9199 2555 
184 9688 5634 1905 1181 7382 3660 3375 7503 6224 8416 7233 7736 935 1668 
183 3660 3153 7340 8416 1309 9450 8483 3453 8683 2856 5155 8579 745 79 
182 8549 3895 7925 2515 3392 6607 9102 6519 7399 4356 3453 450 4134 9139 
181 8615 8416 6226 3464 5929 8483 8098 5155 2602 3024 2863 
180 7115 7174 4486 6468 2586 4929 273 3417 8175 6295 3 6413 1042 8125 
179 1423 5097 9305 6258 3660 4704 5692 8895 8416 3888 8841 2263 7736 
178 4644 779 5634 9102 7382 4704 4356 7642 6226 2863 1496 6920 3885 7736 8994 
177 9688 3895 6379 7174 6607 1208 6351 482 6267 6265 6170 3885 250 3543 
176 9305 5330 4140 4766 7810 2111 1262 8483 4814 5389 3885 745 
175 6506 4039 6249 4076 8483 4588 7232 4693 6014 7762 
174 2486 6249 7434 4929 8416 3637 2669 1309 2741 4076 8483 2863 6020 7709 
173 2486 4541 7642 2034 7810 2741 8885 4588 3417 8175 3362 5155 523 9139 3012 
172 5097 5059 3079 1336 3743 3660 8768 8895 8615 4766 273 6020 8722 745 321 
171 5825 141 5795 4814 8098 3362 2289 296 2408 4693 7156 1273 7285 2288 
170 4293 5097 6213 7925 3079 6519 1908 4721 3536 4704 450 6547 
169 6213 815 7611 4039 6258 3743 6468 232 3637 9035 1262 9442 5509 8579 1042 7762 
168 6257 5097 790 1323 1181 3079 3557 7399 7414 2406 3743 3660 5330 3375 4541 1496 9139 5880 2962 
167 6257 9305 7925 246 482 5825 7352 4683 360 8615 7699 
166 6257 9305 7611 7215 8768 854 4929 1309 4076 3362 6698 8722 
165 5097 5135 7215 4821 7115 6859 1208 1908 3375 5754 9265 8615 6920 1383 
164 5941 191 5795 8885 4814 2856 6457 9728 3024 1084 2863 5307 
163 6257 790 7611 3745 8040 6379 4821 1796 6519 7414 7474 4356 10 1032 7413 
162 8615 2764 2111 2314 1309 4076 2856 8835 7233 296 1383 
161 4938 6213 3745 1905 3079 7228 1208 3375 8768 4140 3153 5704 1020 5948 2856 3885 6020 1383 2962 
160 6258 6639 10 9636 1032 3153 8674 3637 273 9442 5929 8098 5678 1956 1273 1625 6101 3012 
159 5097 6639 2764 5929 296 4388 2203 9935 1439 2210 22 8111 4808 496 8722 3543 979 
158 779 815 8040 871 3079 9102 246 7399 3660 4558 7459 6639 728 6425 232 1496 4985 1383 321 
157 815 6519 4721 7474 3375 7459 6267 1032 5941 3153 8895 232 2263 1496 9013 8125 
156 9305 6506 578 6607 1181 1908 3743 5330 5679 7459 5704 1956 4134 496 
155 3375 854 232 360 8140 7434 5522 2314 1309 3453 4814 9827 6020 9013 8387 
154 4293 3005 871 246 7399 2406 7474 482 728 4140 9265 2764 5682 2203 1439 3146 3543 
153 4293 4644 3743 5330 4356 8768 6425 4761 5350 141 3885 7413 7699 
152 1423 3297 7925 6267 8895 3888 2741 1262 8683 3362 1273 9139 6547 
151 9688 3895 6506 8040 7228 7382 1908 2486 5330 4704 7437 4362 3012 2288 
150 6257 779 5634 2279 4821 3743 6639 5704 8140 3843 4929 3766 5948 141 5359 1668 79 
149 7925 7174 6859 7399 7414 2486 6267 4340 4683 2034 6413 6054 2340 5880 
148 2279 8040 7115 949 4704 854 2061 8416 3888 1084 712 7438 
147 273 6956 6457 3417 2863 296 2408 4693 7156 2203 1439 8579 3885 412 
146 9305 8750 7174 1181 2586 4558 7642 6249 2918 5359 7012 8387 
145 3297 7414 2586 4541 5825 9636 5941 232 3017 8885 5929 2263 8387 
144 4558 8895 7810 2669 2741 9450 4076 9827 6295 1871 
143 779 915 7925 2586 3536 4761 7340 4929 1383 745 
142 4721 4340 6265 5522 8885 9827 7232 5678 9728 5509 1496 712 7285 6014 
141 4644 3297 790 7215 578 7115 7174 4356 4541 8768 9265 22 450 6920 9139 8722 2 
140 2406 5754 6425 4761 3888 2034 8683 8835 712 5307 9968 
139 1323 9305 1181 3557 7437 191 2124 4588 6295 5509 1439 8111 7012 1625 9968 
138 6257 3005 1323 6213 8469 7611 578 7228 3743 7642 4880 4362 321 
137 4938 5634 246 7399 1336 2406 4704 7459 6265 5941 2111 8111 5251 
136 3392 4880 854 10 4140 4929 3637 2741 5795 9035 8841 8175 2863 4134 79 2 
135 5634 2406 4356 2034 2124 7810 2314 9450 7413 7699 2 
134 4293 246 2918 4929 3017 1309 8835 3417 8175 4134 6014 6547 
133 366 6258 4721 232 5704 5769 4929 191 3017 8885 3417 712 412 
132 7642 2918 4140 3766 8416 1020 3017 3464 3417 712 250 8125 
131 2486 728 4766 2124 5535 5155 5678 3024 296 4693 1439 505 1956 1496 6054 9615 3936 
130 4938 7115 3743 949 7437 5692 8615 3843 141 5682 3017 9013 
129 4293 790 2918 4340 5350 8895 2314 1309 1262 5155 7713 6698 7709 
128 5634 6379 2486 10 9265 3843 5522 5682 2124 5795 8483 4086 4134 6920 1042 2555 9968 
127 5097 8549 5135 5634 815 8750 871 7115 7414 6267 9265 7434 4027 9013 1668 7699 
126 9688 7382 4721 2486 5330 7437 6639 4761 6265 6226 9666 5359 7949 
125 815 2279 1796 3079 7228 246 7382 2406 3375 4541 1072 6639 3153 2263 523 
124 4293 4938 3745 1905 6379 5059 3557 6519 2486 4558 6249 5704 6226 1383 79 
123 2061 5535 8683 6956 5678 3024 1935 4086 2863 5509 2408 2203 3146 7949 9968 
122 8615 8674 5522 191 3017 2314 9450 9442 1534 
121 815 7174 6468 3464 6956 6457 8175 5678 6698 6413 8722 9199 
120 1423 8750 7115 1908 949 8674 3766 5682 2124 3637 6413 3543 
119 7459 7503 1032 5692 5941 8674 5769 3888 8885 5155 8722 5307 
118 4076 4588 8175 9123 9728 1935 4086 2863 296 4693 22 3146 
117 4644 4039 949 7474 3375 7459 5350 7340 1020 3017 3637 8885 3453 8683 1956 3146 6054 935 7699 9007 
116 5682 5929 8683 3417 7232 2602 2289 2408 4693 1625 6547 
115 3297 1905 3660 5350 7340 8674 3843 9442 8835 9666 1195 3885 6101 
114 4821 5330 7459 5754 4340 5692 5941 5522 2124 3464 9666 1042 979 
113 779 6213 366 7215 7925 5330 2918 5754 5704 6020 7012 935 7949 
112 949 3153 7340 8615 3766 3888 6226 5682 2124 5929 5359 6170 4362 9013 1668 9968 
111 9305 8040 1908 3660 5330 5679 6351 191 2111 5155 2602 9007 
110 8469 5634 5330 7503 5754 6224 1032 5941 3153 6920 412 
109 790 6859 246 7474 6224 1032 5704 360 8674 2764 3888 1020 3637 2111 2856 712 7285 1625 7413 935 5715 
108 3297 8040 4704 4541 7642 4880 482 232 3888 7810 2741 8683 6014 8387 
107 5097 6506 2586 2486 854 4140 7352 8140 8674 6226 2111 8683 3417 9013 
106 2515 2279 6859 7399 4356 854 1032 5941 360 2764 3888 4060 9199 1668 2555 
105 4644 6506 3079 7228 1908 3660 5679 4880 360 3453 9666 6295 450 7285 
104 9688 3895 5135 915 6506 7414 3743 949 5330 1072 3153 4929 8683 7713 7285 6101 1668 8387 
103 9450 3453 8683 9827 1935 7156 4388 9935 2210 22 133 
102 779 3745 2515 4356 8895 2764 5522 141 3637 2111 3464 6295 9199 6101 
101 8469 9636 1032 3888 6226 4766 2314 4076 8885 8841 2203 7285 7438 
100 6607 7642 482 6267 5754 854 5825 9265 4929 4766 2741 1273 9013 
99 1423 815 8674 2764 4766 2111 4814 8835 8175 3024 8722 1383 
98 6257 3895 5135 5634 578 7115 3557 7474 6267 10 7352 3843 5359 133 2240 3012 
97 8549 7611 8040 6379 4821 6859 3557 1908 4486 949 7352 5795 2818 6613 
96 5769 191 2669 8835 3362 9728 3024 1084 1439 22 1195 7296 
95 4761 4683 7340 2314 9442 6457 2602 5359 712 4362 2555 2288 
94 1323 5634 8750 246 4721 6224 9636 1032 4683 6295 7699 
93 8469 6468 1309 4076 6457 7233 9728 3024 7156 8579 745 
92 6249 2061 3843 2034 2669 9450 9035 9442 7233 5155 2263 321 
91 949 8768 3017 2124 1309 8885 9442 3453 4814 8175 7713 5509 
90 3660 6224 4683 6956 2856 6457 9728 2408 4693 9013 6613 
89 5941 9035 5535 8098 3417 9123 9728 3024 296 4060 1625 2340 7949 2 
88 4644 3895 815 7611 7228 1208 3660 2486 7459 9636 5350 5948 1496 6170 9139 8722 412 
87 1796 7414 854 9265 4761 6265 9442 8841 8098 6295 1084 1439 6698 6920 1383 2555 
86 1323 915 6859 4721 3536 8768 5692 2124 1309 712 6020 7012 2240 
85 482 6226 2314 4076 9442 8835 4588 8175 6698 8111 7285 7413 1534 
84 6379 3392 7174 4039 7382 4721 2061 3637 4985 4326 6101 979 2962 321 
83 9305 815 6506 4821 7115 5059 5547 7474 4356 4541 6639 4761 3453 5155 4060 
82 482 854 5692 5929 4814 3362 7232 5678 3024 1935 5509 1439 2340 6613 
81 5547 7414 5330 3375 6351 10 6265 8895 8615 6226 8483 7713 6014 2240 
80 246 2918 6639 8416 2034 4814 8098 8835 6457 4134 6920 4027 412 3012 
79 5634 6267 8140 8416 1020 4076 5929 5535 6457 5155 7713 523 1042 9007 
78 1423 9305 8750 8040 871 5059 5547 7399 1336 2406 4721 4340 3453 1496 4060 9139 8722 6613 
77 3745 7115 3557 6351 8768 4880 7503 6224 10 1032 7352 360 8841 6170 7012 321 
76 3895 366 4721 5692 8895 8674 9450 4588 5155 450 6101 2240 5715 
75 7810 2314 9035 3024 1084 2289 4086 296 4693 6413 6014 9301 2555 
74 779 9305 7115 2486 3536 482 7352 4683 6265 8722 
73 366 8040 7352 8483 4814 6457 3417 7232 6295 2203 2263 6547 8994 
72 3843 3888 5682 5929 9827 8835 6457 5155 4693 4134 8994 
71 2279 4821 3557 6249 10 5704 360 6226 191 4076 133 1668 
70 4929 2669 9827 3417 8175 5155 7232 3024 1084 2863 1439 6020 1534 
69 2061 3153 1309 9123 9728 1084 2289 296 5509 4693 6698 2263 712 1871 
68 1905 6258 5679 5754 6639 2061 360 8674 4929 2741 3464 3453 2203 450 523 4326 2340 8387 
67 6468 1072 728 1020 6226 191 5535 8098 4588 9666 5678 412 2962 
66 5682 3464 4814 6956 8835 4588 3417 8175 935 7949 
65 1423 4644 4938 6213 6859 3079 246 4486 3536 4356 1072 6224 4766 8841 250 
64 3895 5135 3745 2279 4821 1796 5059 949 2586 1072 6267 1383 6613 
63 5754 1032 5929 6457 6295 9728 1084 2289 4086 5509 7156 6698 4060 7949 
62 4039 7503 232 3843 3017 3637 2669 1309 3464 9450 6698 4985 3111 7413 
61 1423 5097 8469 5634 7215 6379 1181 728 4340 4683 7434 2203 4134 6547 935 7762 
60 1423 7215 2515 2486 5350 3843 2669 3464 5795 273 5535 7285 4027 7296 
59 1323 5769 1020 9035 4076 8175 2602 9123 2863 3885 
58 4293 366 7925 1072 6639 6425 4140 5948 273 5929 8111 412 
57 3005 9688 5135 6249 3017 9450 273 9442 6457 5678 4134 6020 6014 8994 
56 4293 7215 7228 1908 3660 4704 4761 360 6413 3543 
55 915 578 949 1020 2034 7810 1309 4814 4588 7233 6295 5251 2288 
54 4938 9305 8750 7228 1032 2111 2314 3464 2863 1439 3146 
53 9102 2034 2314 5535 8175 2602 3024 1935 2203 1439 2340 
52 1423 246 5522 5535 8483 9827 6956 3417 9123 1439 5359 133 935 2962 9968 321 2 
51 3005 6506 2279 4821 3392 7399 6224 5350 7340 450 8579 7949 
50 4293 9688 4938 779 6607 1208 1908 5679 6249 4766 4985 4027 6613 
49 3005 1323 5692 191 2111 5795 4076 3417 9728 3024 22 5359 523 7413 2240 745 
48 1905 2279 7174 6519 2586 4880 6639 3766 5682 2111 2741 3453 450 7285 3111 8994 
47 871 7810 2111 2314 1262 8483 3453 8098 9827 7233 4060 6920 9139 
46 273 6956 9728 2289 5509 2408 7156 4388 9935 6698 712 6170 6101 
45 3005 9688 779 246 6258 3743 4721 6468 4558 6351 2918 1072 7503 6639 2263 4060 4985 9199 7949 
44 854 1262 8483 4814 8835 4588 8175 2602 712 7438 79 
43 4644 3297 8549 5634 7174 3079 949 5330 6267 5825 3637 1935 2263 979 7949 
42 915 6379 7174 1181 9102 6258 3557 7399 4541 6249 10 5825 8841 6698 450 6054 3012 
41 5941 8674 4766 7810 2314 5535 8483 3024 1439 
40 5097 3745 7174 3743 9265 5704 5522 2034 3464 8841 8835 4588 22 1625 1534 
39 915 8469 8750 6379 6258 7382 728 5704 5769 1956 3146 7438 
38 3017 9450 8885 9442 6295 9728 3024 2289 296 4693 22 8579 
37 8615 2034 191 3017 9035 8098 6956 3024 4060 6920 79 
36 2406 5679 5522 2034 2669 6956 3417 9666 9728 4086 2863 8111 3 5251 9968 
35 10 2061 8140 8674 2764 191 2741 9035 273 8098 9666 4086 1195 2962 9968 
34 1323 1796 3079 3153 5795 9035 8175 1084 4086 2863 296 7156 1439 8111 9583 7012 935 9007 
33 6351 5825 4761 4683 141 2314 8483 8098 6956 3362 1439 6920 3111 
32 1423 915 815 1181 2918 6639 8674 5769 3464 1262 4060 7736 7012 9013 745 
31 4938 779 2279 1796 1908 5679 8895 141 5682 7233 3146 1625 6101 1668 
30 1323 8768 854 5704 5769 4929 141 2314 6956 6457 6054 4027 3543 
29 7352 4814 8098 9827 8835 9123 6295 9728 4086 3111 7413 
28 6379 871 3557 1336 6468 4356 10 6425 7352 360 3843 5522 5948 5509 4060 8125 
27 6224 5692 3153 8683 7233 7232 6295 1084 2863 296 5509 7156 22 712 3146 1383 
26 2764 2034 2124 3464 4076 8885 9123 9728 3024 6413 2340 
25 5350 2764 8416 4766 2741 4076 5535 8483 4814 5678 935 
24 4293 7474 7459 6425 5522 9442 8835 4588 8175 9123 250 7413 8387 
23 3843 2314 3464 5795 8885 8483 4588 7233 7232 2602 9139 8387 
22 6956 3417 8175 6295 1935 296 5509 4388 9935 6698 2210 7736 9615 2643 
21 6257 2515 8040 6859 1208 3743 7642 8768 9450 9442 9666 1439 6413 9139 9301 
20 6267 854 6265 5350 5769 2669 5678 9728 1935 3 
19 4721 854 8895 9827 6956 6457 7232 523 712 3111 
18 728 7434 191 2111 8885 5535 9827 4588 3417 1439 712 9615 
17 5754 6639 6224 2034 4076 5929 6956 6457 9666 2203 7012 9013 3543 
16 7474 7340 8674 3843 5769 4929 5522 3637 7810 5795 2856 2203 6698 3146 
15 790 6213 915 3745 7382 1336 4486 5330 7459 5825 4761 5350 5704 9301 2240 
14 1423 3297 5547 7382 3743 7642 232 2764 5682 191 8098 4060 712 4985 4326 9007 
13 3005 915 8469 366 7215 6607 1181 2406 3743 2586 4356 6170 9199 
12 5135 6607 1181 1208 3375 360 1084 296 4693 4388 1956 712 133 2340 8125 2962 
11 1262 4588 3417 3362 7232 9728 7156 9935 2210 8111 5251 5307 9968 
10 4721 232 3453 4814 8098 6956 2856 8835 8175 7233 296 6170 
9 6258 4704 7459 482 3153 7340 2764 5682 3464 9035 273 2863 7438 
8 5941 2061 8895 8615 2669 1309 9442 5929 5155 6698 3111 7438 
7 9688 3895 8469 4880 7503 6639 6265 5350 1309 9450 450 712 9301 8994 
6 2279 4821 3392 2406 2918 4340 3017 1309 1262 5155 5509 2263 6170 
5 7174 3375 1032 4761 3766 1262 273 8841 6295 2289 1935 8111 3 7012 1534 79 
4 3005 5135 9305 6213 815 7611 4821 3536 9636 8140 5948 22 8579 5715 
3 4293 5097 1323 6379 871 3743 5330 2918 728 6425 5825 5155 1195 412 
2 3017 2124 5678 2289 2863 2408 7156 4388 22 6413 5862 7949 2962 
1 578 7228 2586 5350 9442 6956 3417 2602 9123 250 412 
0 4541 5795 8175 9123 1084 2863 296 4388 9935 8111 3 1273 6054 4326 7949 
