100
99 0 1 2 3 4 5 6 7 8 9 10 11 12 13 14 15 17 16 18 20 19 21 22 23 24 25 26 27 28 34 29 33 32 31 69 138 708 
98 0 1 2 3 4 5 6 7 8 9 10 11 12 13 14 15 17 16 18 20 19 21 22 23 24 25 26 27 28 34 29 33 32 31 69 859 3097 
97 0 1 2 3 4 5 6 7 8 9 10 11 12 13 14 15 17 16 18 20 19 21 22 23 24 26 27 28 34 29 33 32 31 30 35 37 63 
96 30 35 38 37 36 39 40 41 42 45 47 46 44 43 50 51 49 55 54 48 56 52 60 53 59 57 58 62 63 75 71 65 120 126 155 554 
95 38 37 36 39 40 41 42 45 47 46 44 43 50 51 49 55 54 48 56 52 60 53 59 57 58 62 63 75 71 70 65 82 107 155 7585 
94 30 35 38 37 36 39 40 41 42 45 46 43 50 51 49 55 54 48 56 52 60 53 59 57 58 62 63 75 64 70 68 
93 30 38 37 36 39 40 41 42 45 47 46 44 43 50 51 49 55 54 48 56 52 60 53 59 57 62 75 71 70 65 82 72 
92 0 1 2 3 4 5 6 7 8 9 10 11 12 13 14 15 17 16 18 20 19 21 22 23 24 25 26 27 28 34 29 33 32 31 69 583 3097 
91 0 1 2 3 4 5 6 7 8 9 10 11 12 13 14 15 17 16 18 20 19 21 22 23 24 25 26 27 28 34 29 33 32 30 35 37 138 3244 2591 
90 0 1 2 3 4 5 6 7 8 9 10 11 12 13 14 15 17 16 18 19 21 22 23 24 25 26 27 28 34 29 33 32 31 30 63 120 155 554 968 
89 30 35 38 37 36 39 40 41 42 45 47 46 44 43 50 51 49 55 54 48 56 52 60 53 59 57 58 62 75 71 82 155 2060 
88 0 1 2 3 4 5 6 7 8 9 10 11 12 13 14 15 17 16 18 20 19 21 22 23 24 25 26 27 28 34 29 33 31 30 35 63 554 
87 30 35 38 37 36 39 40 41 42 45 47 46 44 43 50 51 49 55 54 48 56 52 60 53 59 57 58 62 63 75 71 65 120 199 3110 
86 0 1 2 3 4 5 6 7 8 9 10 11 12 13 14 15 17 16 18 20 19 21 22 23 24 25 26 27 28 34 29 33 32 31 120 155 3849 
85 30 35 38 37 36 39 40 41 42 45 47 46 44 43 50 51 49 55 54 48 56 52 60 53 59 58 62 63 75 71 70 176 7984 
84 0 1 2 3 4 5 6 7 8 9 10 11 12 13 14 15 17 16 18 20 19 21 22 23 24 25 26 27 28 34 29 33 32 31 120 138 968 1482 
83 0 1 2 3 4 5 6 7 8 9 10 11 12 13 14 15 17 16 18 20 19 21 23 24 25 26 27 28 34 33 32 31 30 35 38 37 120 
82 0 1 2 3 4 5 6 7 8 9 10 11 12 13 14 15 17 16 18 20 19 21 22 23 24 25 26 27 28 29 33 32 31 30 38 37 62 138 3097 
81 0 1 2 3 4 5 6 7 8 9 10 11 12 13 14 15 17 16 18 20 19 21 22 23 24 25 26 27 28 34 29 33 32 31 69 138 1263 1671 
80 0 1 2 3 4 5 6 7 8 9 10 11 12 13 14 15 17 16 18 20 19 21 22 23 24 25 26 27 28 34 29 33 32 31 69 138 3244 
79 38 36 39 40 41 42 45 47 46 44 43 50 51 49 55 54 48 56 52 60 53 59 57 58 62 63 75 71 64 121 126 155 
78 0 1 2 3 4 5 6 7 8 9 10 11 12 13 14 15 17 16 18 20 19 21 22 23 24 25 26 27 28 34 29 33 32 31 120 138 583 2264 3756 
77 64 70 68 66 67 81 83 76 82 73 86 77 84 97 79 94 90 105 78 109 95 100 85 101 102 87 93 117 199 404 725 
76 0 1 2 3 4 5 6 7 8 9 10 11 12 13 14 15 17 16 18 20 19 21 22 23 24 25 26 27 28 34 29 33 32 31 120 155 2060 
75 0 1 2 3 4 5 6 7 8 9 10 11 12 13 14 15 17 16 18 20 19 21 22 23 24 25 26 27 28 34 29 33 32 30 35 37 583 3244 1671 
74 0 1 2 3 4 5 6 7 8 9 10 11 12 13 14 15 17 16 18 20 19 21 22 23 24 25 26 27 28 34 29 33 32 31 120 155 2848 3097 
73 0 1 2 3 4 5 6 7 8 9 10 11 12 13 14 15 17 16 18 20 19 21 22 23 24 26 27 28 34 29 33 32 31 30 35 37 63 
72 30 35 38 37 36 39 40 41 42 45 47 46 44 43 50 51 49 55 54 48 56 52 60 53 59 57 58 62 63 69 75 71 65 126 869 
71 0 1 2 3 4 5 6 7 8 9 10 11 12 13 14 15 17 16 18 20 19 21 22 23 24 25 26 27 28 34 29 33 32 31 69 138 1671 
70 30 35 38 37 36 39 40 41 42 45 47 46 44 43 50 51 49 55 54 48 56 52 60 53 59 57 62 63 71 64 70 120 176 
69 30 35 38 37 36 39 40 41 42 45 47 44 43 50 49 55 54 48 56 53 59 57 62 63 75 71 64 70 68 66 199 6165 
68 0 1 2 3 4 5 6 7 8 9 10 11 12 13 14 15 17 16 18 20 19 21 22 23 24 25 26 27 28 34 29 33 32 31 69 554 
67 0 1 2 3 4 5 6 7 8 9 10 11 12 13 14 15 17 16 18 20 19 21 22 23 24 25 26 27 28 34 29 33 32 31 69 138 708 
66 0 1 2 3 4 5 6 7 8 9 10 11 12 13 14 15 17 16 18 20 19 21 22 23 24 25 26 27 28 34 29 33 32 31 120 138 554 
65 35 38 36 39 40 41 42 45 47 46 44 43 50 51 49 55 54 48 56 52 60 53 59 57 58 62 63 69 75 71 70 65 107 155 1954 
64 0 1 2 3 4 5 6 7 8 9 10 11 12 13 14 15 17 16 18 20 19 21 22 23 24 25 26 27 28 34 29 33 32 31 69 859 1737 
63 0 1 2 3 4 5 6 7 8 9 10 11 12 13 14 15 17 16 18 20 19 21 22 23 24 25 26 27 28 34 29 33 32 31 69 138 
62 0 1 2 3 4 5 6 7 8 9 10 11 12 13 14 15 17 16 18 20 19 21 22 23 24 25 26 27 28 34 29 33 32 31 69 138 1310 7624 
61 30 38 37 36 39 40 41 42 45 47 46 44 43 50 51 49 55 54 48 56 52 60 53 59 57 58 62 63 75 71 70 65 120 126 155 1263 
60 30 35 38 37 39 40 41 42 47 44 43 50 49 55 54 48 52 60 53 59 58 62 75 64 70 68 66 67 65 61 4247 
59 64 70 66 67 81 83 82 61 72 73 86 77 84 79 94 91 105 78 95 85 99 80 87 93 117 114 124 111 103 118 621 1334 
58 30 35 38 37 36 39 40 41 42 45 47 46 44 43 50 51 49 55 54 48 56 52 60 53 59 57 58 62 63 75 71 65 120 126 404 
57 0 1 2 3 4 5 6 7 8 9 10 11 12 13 14 15 17 16 18 20 19 21 22 23 24 25 26 27 28 34 29 33 32 31 69 583 3975 
56 0 1 2 3 4 5 6 7 8 9 10 11 12 13 14 15 17 16 18 20 19 21 22 23 24 25 26 27 28 34 29 33 32 31 69 583 1502 
55 0 1 2 3 4 5 6 7 8 9 10 11 12 13 14 15 17 16 18 20 19 21 22 23 24 25 26 27 28 34 29 33 32 31 69 138 3244 1502 1737 
54 30 35 38 37 36 39 40 41 42 45 47 46 44 43 50 51 49 55 54 48 56 52 60 53 59 57 58 62 63 75 71 65 120 126 176 1495 
53 0 1 2 3 4 5 6 7 8 9 10 11 12 13 14 15 17 16 18 20 19 21 22 23 24 25 26 27 28 34 29 33 32 30 35 37 138 968 
52 64 70 68 66 67 65 81 83 82 61 72 73 97 74 79 88 89 90 91 105 110 78 109 95 100 85 99 80 102 108 87 131 139 252 859 
51 0 1 2 3 4 5 6 7 8 9 10 11 12 13 14 15 17 16 18 20 19 21 22 23 24 25 26 27 28 34 29 33 32 31 138 155 468 
50 35 38 36 39 40 41 42 45 47 46 44 43 50 51 49 55 54 48 56 52 60 53 59 57 58 62 63 69 75 71 70 65 107 155 583 
49 0 1 2 3 4 5 6 7 8 9 10 11 12 13 14 15 17 16 18 20 19 21 22 23 24 25 26 27 28 34 29 33 32 31 69 138 708 
48 0 1 2 3 4 5 6 7 8 9 10 11 12 13 14 15 17 16 18 20 19 21 22 23 24 25 26 27 28 34 29 33 32 31 69 138 2060 
47 0 1 2 3 4 5 6 7 8 9 10 11 12 13 14 15 17 16 18 20 19 21 22 23 24 25 26 27 28 34 29 33 32 31 69 138 2264 
46 0 1 2 3 4 5 6 7 8 9 10 11 12 13 14 15 17 16 18 20 19 21 22 23 24 25 26 27 28 34 29 33 32 31 138 126 583 1502 2848 
45 0 1 2 3 4 5 6 7 8 9 10 11 12 13 14 15 17 16 18 20 19 21 22 23 24 25 26 27 28 34 29 33 32 31 69 138 1502 1310 7055 
44 30 35 38 37 36 39 40 41 42 45 47 46 44 43 50 51 49 55 54 48 56 52 60 53 59 57 62 63 75 71 70 120 126 
43 38 36 39 40 41 42 45 47 46 44 50 51 55 54 48 56 52 60 53 59 57 58 62 75 71 64 70 68 65 83 72 126 968 1495 
42 0 1 2 3 4 5 6 7 8 9 10 11 12 13 14 15 17 16 18 20 19 21 22 23 24 25 26 27 28 34 29 33 32 31 69 138 708 
41 0 1 2 3 4 5 6 7 8 9 10 11 12 13 14 15 17 16 18 20 19 21 22 23 24 25 26 27 28 34 29 33 32 31 120 155 2153 
40 30 35 38 37 36 39 40 41 42 45 47 46 44 43 50 51 49 55 54 48 56 52 60 53 59 57 58 62 75 71 65 72 155 554 1263 
39 0 1 2 3 4 5 6 7 8 9 10 11 12 13 14 15 17 16 18 20 19 21 22 23 24 25 26 27 28 34 29 33 32 31 69 138 1671 5921 
38 64 70 68 66 67 81 83 76 82 61 72 73 86 77 84 97 74 79 88 94 89 90 105 110 78 95 100 85 101 80 102 131 121 139 355 
37 0 1 2 3 4 5 6 7 8 9 10 11 12 13 14 15 17 16 18 20 19 21 22 23 24 25 26 27 28 34 29 33 32 31 69 583 3097 
36 30 35 37 36 39 40 41 42 45 46 44 43 50 49 55 54 48 56 60 59 57 58 63 75 71 64 70 68 66 83 120 126 
35 35 38 37 36 39 40 41 42 45 44 43 50 51 49 55 54 48 56 52 60 53 59 57 58 62 63 71 64 70 68 66 120 482 
34 0 1 2 3 4 5 6 7 8 9 10 11 12 13 14 15 17 16 18 20 19 21 22 24 25 26 27 28 34 29 33 32 31 30 63 138 155 1290 1737 
33 0 1 2 3 4 5 6 7 8 9 10 11 12 13 14 15 17 16 18 20 19 21 22 23 24 25 26 27 28 34 29 33 32 31 69 138 708 
32 0 1 2 3 4 5 6 7 8 9 10 11 12 13 14 15 17 16 18 20 19 21 22 23 24 25 26 27 28 34 29 33 32 31 69 138 3849 
31 0 1 2 3 4 5 6 7 8 9 10 11 12 13 14 15 17 16 18 20 19 21 22 23 24 25 26 27 28 34 29 33 32 31 69 138 
30 30 35 38 37 36 39 40 41 42 45 47 46 44 43 50 51 49 55 54 56 52 60 53 59 58 62 63 64 70 68 65 83 968 621 
29 30 35 38 37 36 39 40 41 42 45 47 46 44 43 50 51 49 55 54 48 56 52 60 53 59 57 58 62 63 75 71 65 120 155 176 968 621 
28 30 35 38 37 36 39 40 41 42 45 47 46 44 43 50 51 49 55 54 48 56 52 60 53 59 57 58 62 63 75 64 65 5921 
27 0 1 2 3 4 5 6 7 8 9 10 11 12 13 14 15 17 16 18 20 19 21 22 23 24 25 26 27 28 34 29 33 32 31 69 138 
26 0 1 2 3 4 5 6 7 8 9 10 11 12 13 14 15 17 16 18 20 19 21 22 23 24 25 26 27 28 34 29 33 32 31 69 138 2591 
25 30 35 38 37 36 39 40 41 45 47 46 44 43 50 51 49 55 54 48 56 52 60 53 59 57 62 63 71 64 70 65 83 120 199 176 1495 
24 0 1 2 3 4 5 6 7 8 9 10 11 12 13 14 15 17 16 18 20 19 21 22 23 24 25 26 27 28 34 29 33 32 31 69 138 708 
23 30 35 38 37 36 39 40 41 42 45 47 46 44 43 50 51 49 55 54 48 56 52 60 53 59 57 58 62 63 75 71 65 121 155 554 
22 0 1 2 3 4 5 6 7 8 9 10 11 12 13 14 15 17 16 18 20 19 21 22 23 24 25 26 27 28 34 29 33 32 31 69 138 1290 1737 1310 
21 0 1 2 3 4 5 6 7 8 9 10 11 12 13 14 15 17 16 18 20 19 21 22 23 24 25 26 27 28 34 29 33 32 31 69 583 2848 
20 0 1 2 3 4 5 6 7 8 9 10 11 12 13 14 15 17 16 18 20 19 21 22 23 24 25 26 27 28 34 29 33 32 31 69 583 1290 
19 30 35 38 37 36 39 40 41 42 45 47 46 44 43 50 51 49 55 54 48 56 52 60 53 59 57 58 62 63 75 71 65 120 126 176 5926 
18 0 1 2 3 4 5 6 7 8 9 10 11 12 13 14 15 17 16 18 20 19 21 22 23 24 25 26 27 28 34 29 33 32 31 120 138 583 
17 0 1 2 3 4 5 6 7 8 9 10 11 12 13 14 15 17 16 18 20 19 21 22 23 24 25 26 28 34 29 33 32 31 63 69 
16 68 66 67 65 81 76 82 61 73 77 84 97 74 79 88 94 89 90 105 110 78 109 100 85 101 99 80 102 108 131 121 725 
15 0 1 2 3 4 5 6 7 8 9 10 11 12 13 14 15 17 16 18 20 19 21 22 23 24 25 26 27 28 34 29 33 32 31 69 138 1263 
14 0 1 2 3 4 5 6 7 8 9 10 11 12 13 14 15 17 16 18 20 19 21 22 23 24 25 26 27 28 34 29 33 32 31 69 138 708 
13 70 68 67 83 82 72 73 86 77 84 74 79 88 94 90 91 105 110 78 109 95 101 99 80 102 108 87 93 131 117 114 96 107 119 139 184 
12 0 1 2 3 4 5 6 7 8 9 10 11 12 13 14 15 17 16 18 20 19 21 22 23 24 25 26 27 28 34 29 33 32 31 69 138 1502 1263 
11 0 1 2 3 4 5 6 7 8 9 10 11 12 13 14 15 17 16 18 20 19 21 22 23 24 25 26 28 34 29 33 32 31 63 69 
10 0 1 2 3 4 5 6 7 8 9 10 11 12 13 14 15 17 16 18 20 19 21 22 23 24 25 26 27 28 34 29 33 32 31 69 138 708 
9 0 1 2 3 4 5 6 7 8 9 10 11 12 13 14 15 17 16 18 20 19 21 22 23 24 25 26 27 28 34 29 33 32 31 69 138 6729 
8 30 35 38 37 36 39 40 41 42 45 47 46 44 43 50 51 49 55 54 48 56 52 60 53 59 57 58 62 63 75 71 65 120 126 155 1495 
7 0 1 2 3 4 5 6 7 8 9 10 11 12 13 14 15 17 16 18 20 19 21 22 23 24 25 26 27 28 34 29 33 32 31 126 176 7624 
6 30 35 38 37 36 39 40 41 42 45 47 46 44 43 50 51 49 55 54 48 56 52 60 53 59 57 58 62 63 75 71 65 120 126 176 2818 
5 0 1 2 3 4 5 6 7 8 9 10 11 12 13 14 15 17 16 18 20 19 21 22 23 24 25 26 27 28 34 29 33 32 31 69 859 
4 64 68 66 67 76 82 72 73 86 77 84 97 79 88 89 91 105 110 78 109 100 85 101 80 102 93 131 117 114 96 119 103 126 1482 3975 
3 30 35 38 37 36 39 40 41 42 45 47 46 44 43 50 51 49 55 54 48 56 52 60 53 59 57 58 62 63 75 71 65 120 126 155 
2 0 1 2 3 4 5 6 7 8 9 10 11 12 13 14 15 17 16 18 20 19 21 22 23 25 26 27 28 34 29 33 32 31 30 35 120 
1 0 1 2 3 4 5 6 7 8 9 10 11 12 13 14 15 17 16 18 20 19 21 22 23 24 25 26 27 28 34 29 33 32 31 120 176 1290 
0 38 37 36 42 45 47 46 44 43 50 51 49 55 54 48 52 60 53 57 75 64 70 68 66 67 65 81 83 82 61 9517 
